[header]
width=75
height=45
tilewidth=32
tileheight=32
orientation=orthogonal

[tilesets]
tileset=platformertiles.png,32,32,0,0
tileset=characters_3.png,32,32,0,0
tileset=characters_1.png,16,16,0,0

[layer]
type=Tile Layer 1
data=
0,0,0,0,0,0,0,0,0,0,0,0,0,0,0,0,0,0,0,0,0,0,0,0,0,0,0,0,0,0,0,0,0,0,0,0,0,0,0,0,0,0,0,0,0,0,0,0,0,0,0,0,0,0,0,0,0,0,0,0,0,0,0,0,0,0,0,0,0,0,0,0,0,0,0,
0,0,0,0,0,0,0,0,0,0,0,0,0,0,0,0,0,0,0,0,0,0,0,0,0,0,0,0,0,0,0,0,0,0,0,0,0,0,0,0,0,0,0,0,0,0,0,0,0,0,0,0,0,0,0,0,0,0,0,0,0,0,0,0,0,0,0,0,0,0,0,0,0,0,0,
0,0,0,0,0,0,0,0,0,0,0,0,0,0,0,0,0,0,0,0,0,0,0,0,0,0,0,0,0,0,0,0,0,0,0,0,0,0,0,0,0,0,0,0,0,0,0,0,0,0,0,0,0,0,0,0,0,0,0,0,0,0,0,0,0,0,0,0,0,0,0,0,0,0,0,
0,0,0,0,0,0,0,0,0,0,0,0,0,0,0,0,0,0,0,0,0,0,0,0,0,0,0,0,0,0,0,0,0,0,0,0,0,0,0,0,0,0,0,0,0,0,0,0,0,0,0,0,0,0,0,0,0,0,0,0,0,0,0,0,0,0,0,0,0,0,0,0,0,0,0,
0,0,0,0,0,0,0,0,0,0,0,0,0,0,0,0,0,0,0,0,0,0,0,0,0,0,0,0,0,0,0,0,0,0,0,0,0,0,0,0,0,0,0,0,0,0,0,0,0,0,0,0,0,0,0,0,0,0,0,0,0,0,0,0,0,0,0,0,0,0,0,0,0,0,0,
0,0,0,0,0,0,0,0,0,0,0,0,0,0,0,0,0,0,0,0,0,0,0,0,0,0,0,0,0,0,0,0,0,0,0,0,0,0,0,0,0,0,0,0,0,0,0,0,0,0,0,0,0,0,0,0,0,0,0,0,0,0,0,0,0,0,0,0,0,0,0,0,0,0,0,
0,0,0,0,0,0,0,0,0,0,0,0,0,0,0,0,0,0,0,0,0,0,0,0,0,0,0,0,0,0,0,0,0,0,0,0,0,0,0,0,0,0,0,0,0,0,0,0,0,0,0,0,0,0,0,0,0,0,0,0,0,0,0,0,0,0,0,0,0,0,0,0,0,0,0,
0,0,0,0,0,0,0,0,0,0,0,0,0,0,0,0,0,0,0,0,0,0,0,0,0,0,0,0,0,0,0,0,0,0,0,0,0,0,0,0,0,0,0,0,0,0,0,0,0,0,0,0,0,0,0,0,0,0,0,0,0,0,0,0,0,0,0,0,0,0,0,0,0,0,0,
0,0,0,0,0,0,0,0,0,0,0,0,0,0,0,0,0,0,0,0,0,0,0,0,0,0,0,0,0,0,0,0,0,0,0,0,0,0,0,0,0,0,0,0,0,0,0,0,0,0,0,0,0,0,0,0,0,0,0,0,0,0,0,0,0,0,0,0,0,0,0,0,0,0,0,
0,0,0,0,0,0,0,0,0,0,0,0,0,0,0,0,0,0,0,0,0,0,0,0,0,0,0,0,0,0,0,0,0,0,0,0,0,0,0,0,0,0,0,0,0,0,0,0,0,0,0,0,0,0,0,0,0,0,0,0,0,0,0,0,0,0,0,0,0,0,0,0,0,0,0,
0,0,0,0,0,0,0,0,0,0,0,0,0,0,0,0,0,0,0,0,0,0,0,0,0,0,0,0,0,0,0,0,0,0,0,0,0,0,0,0,0,0,0,0,0,0,0,0,0,0,0,0,0,0,0,0,0,0,0,0,0,0,0,0,0,0,0,0,0,0,0,0,0,0,0,
0,0,0,0,0,0,0,0,0,0,0,0,0,0,0,0,0,0,0,0,0,0,0,0,0,0,0,0,0,0,0,0,0,0,0,0,0,0,0,0,0,0,0,0,0,0,0,0,0,0,0,0,0,0,0,0,0,0,0,0,0,0,0,0,0,0,0,0,0,0,0,0,0,0,0,
0,0,0,0,0,0,0,0,0,0,0,0,0,0,0,0,0,0,0,0,0,0,0,0,0,0,0,0,0,0,0,0,0,0,0,0,0,0,0,0,0,0,0,0,0,0,0,0,0,0,0,0,0,0,0,0,0,0,0,0,0,0,0,0,0,0,0,0,0,0,0,0,0,0,0,
0,0,0,0,0,0,0,0,0,0,0,0,0,0,0,0,0,0,0,0,1,3,0,0,0,0,0,0,0,0,0,0,0,0,0,0,0,0,0,0,0,0,0,0,0,0,0,0,0,0,0,0,0,0,0,0,0,0,0,0,0,0,0,0,0,0,0,0,0,0,0,0,0,0,0,
0,0,0,0,0,0,0,0,0,0,0,0,0,0,0,0,0,0,0,0,9,11,0,0,0,0,0,0,0,0,0,0,0,0,0,0,0,0,0,0,0,0,0,0,0,0,0,0,0,0,0,0,0,0,0,0,0,0,0,0,0,0,0,0,0,0,0,0,0,0,0,0,0,0,0,
0,0,0,0,0,0,0,0,0,0,0,0,0,0,0,0,0,0,0,1,10,11,0,0,0,0,0,0,0,0,0,0,0,0,0,0,0,0,0,0,0,0,0,0,0,0,0,0,0,0,0,0,0,0,0,0,0,0,0,0,0,0,0,0,0,0,0,0,0,0,0,0,0,0,0,
0,0,0,0,0,0,0,0,0,0,0,0,0,0,0,0,0,0,0,9,10,11,0,0,0,0,0,0,0,0,0,0,0,0,0,0,0,0,0,0,0,0,0,0,0,0,0,0,0,0,0,0,0,0,0,0,0,0,0,0,0,0,0,0,0,0,0,0,0,0,0,0,0,0,0,
0,0,0,0,0,0,0,0,0,0,0,0,0,0,0,0,0,0,0,9,10,11,0,0,0,0,0,0,0,0,0,0,0,0,0,0,0,0,0,0,0,0,0,0,0,0,0,0,0,0,0,0,0,0,0,0,0,0,0,0,0,0,0,0,0,0,0,0,0,0,0,0,0,0,0,
0,0,0,0,0,0,0,0,0,0,0,0,0,0,0,0,0,0,1,27,10,11,0,0,0,0,0,0,0,0,0,0,0,0,0,0,0,0,0,0,0,0,0,0,0,0,0,0,0,0,0,0,0,0,0,0,0,0,0,0,0,0,0,0,0,0,0,0,0,0,0,0,0,0,0,
0,0,0,0,0,0,0,0,0,0,0,0,0,0,0,0,0,1,27,10,10,11,0,0,0,0,0,0,0,0,0,0,0,0,0,0,0,0,0,0,0,0,0,0,0,0,0,0,0,0,0,0,0,0,0,0,0,0,0,0,0,0,0,0,0,0,0,0,0,0,0,0,0,0,0,
0,0,0,0,0,0,0,0,0,0,0,0,0,0,0,0,0,9,10,10,10,11,0,4,16,0,0,0,0,0,0,0,0,0,0,0,0,0,0,0,0,0,0,0,0,0,0,0,0,0,0,0,0,0,0,0,0,0,0,0,4,0,0,0,0,0,0,0,0,0,0,0,0,0,0,
0,0,0,0,0,0,0,0,0,0,0,0,0,0,0,1,2,27,10,10,10,11,0,0,15,0,0,0,0,0,0,0,0,0,0,0,0,0,0,0,0,0,0,0,0,0,0,0,0,0,0,0,0,0,0,0,0,0,0,0,0,0,0,0,0,0,0,0,0,0,0,0,0,0,0,
0,0,0,0,0,0,0,0,0,0,0,0,0,0,0,9,10,10,10,10,10,11,0,22,0,0,0,0,0,0,0,0,0,0,0,0,0,0,0,0,0,0,0,0,0,0,0,0,0,0,0,0,0,0,0,0,0,0,0,1,3,0,0,0,0,0,0,0,0,0,0,0,0,0,0,
0,0,0,0,0,0,0,0,0,0,0,0,0,0,1,27,10,10,10,10,10,11,0,21,0,0,22,0,0,0,0,0,0,0,0,0,0,0,0,0,0,0,0,0,0,0,0,0,0,0,0,0,0,0,0,0,0,0,1,27,11,0,0,0,0,0,0,0,0,0,0,0,0,0,0,
0,0,0,0,0,0,0,0,0,0,0,0,1,2,27,10,10,10,10,10,10,11,0,22,0,0,21,0,0,0,0,0,0,0,0,0,0,0,0,0,0,0,0,0,0,0,0,0,0,0,0,0,0,0,0,0,0,1,27,10,11,0,0,0,0,0,0,0,0,0,0,0,0,0,0,
0,0,0,0,0,0,0,0,0,0,0,1,27,10,10,10,10,10,10,10,10,11,0,21,0,0,22,0,34,2,2,36,36,2,2,36,36,2,2,35,0,0,0,0,0,0,0,0,0,0,22,22,0,0,1,2,2,27,10,10,11,0,0,0,0,0,0,0,0,0,0,0,0,0,0,
0,0,0,0,0,0,0,0,0,0,1,27,10,10,10,10,10,10,10,10,10,11,0,22,0,0,21,0,0,17,19,0,0,17,19,0,0,17,19,0,1,12,12,12,12,12,12,12,12,12,34,35,12,12,10,10,10,10,10,10,11,0,0,0,0,0,0,0,0,0,0,0,0,0,0,
0,0,0,0,0,0,0,1,2,2,27,10,10,10,10,10,10,10,10,10,10,11,0,21,0,0,22,0,0,0,0,0,0,0,0,0,0,0,0,0,9,12,12,12,12,12,12,12,12,12,12,12,12,10,10,10,10,10,10,10,11,0,0,0,0,0,0,0,0,0,0,0,0,0,0,
0,0,0,0,0,0,1,27,10,10,10,10,10,10,10,10,10,10,10,10,10,11,0,22,0,0,21,0,0,0,0,0,0,0,0,0,0,0,0,0,9,10,10,10,10,10,10,10,10,10,10,10,10,10,10,10,10,10,10,10,11,0,0,0,0,0,0,0,0,0,0,0,0,0,0,
0,0,0,0,0,0,9,10,10,10,10,10,10,10,10,10,10,10,10,10,10,11,0,21,0,0,22,0,0,0,0,0,0,0,0,4,0,0,0,0,17,18,18,18,18,18,18,18,18,26,10,10,10,10,10,10,10,10,10,10,11,0,0,0,0,0,0,0,0,0,0,0,0,0,0,
0,0,0,0,0,0,9,10,10,10,10,10,10,10,10,10,10,10,10,10,10,11,0,22,0,0,21,0,0,0,0,0,4,0,0,0,5,0,0,0,0,0,0,0,0,0,0,16,0,9,10,10,10,10,10,10,10,10,10,10,11,0,0,0,0,0,0,0,0,0,0,0,0,0,0,
0,0,0,0,0,0,9,10,10,10,10,10,10,10,10,10,10,10,10,10,10,11,0,21,0,0,0,0,0,0,0,0,0,0,0,0,21,0,0,0,16,0,0,0,0,0,16,16,0,9,10,10,10,10,10,10,10,10,10,10,11,0,0,0,0,0,0,0,0,0,0,0,0,0,0,
0,0,0,0,0,0,9,10,10,10,10,10,10,10,10,10,10,10,10,10,10,11,0,0,0,0,5,0,0,0,0,0,0,0,0,0,0,0,0,0,0,0,0,0,0,16,16,0,34,30,10,10,10,10,10,10,10,10,10,10,11,0,0,0,0,0,0,0,0,0,0,0,0,0,0,
0,0,0,0,0,0,9,10,10,10,10,10,10,10,10,10,10,10,10,10,10,20,12,12,12,12,12,12,20,32,18,18,18,18,18,18,18,18,0,0,22,0,0,1,3,16,16,0,0,9,10,10,10,10,10,10,10,10,10,10,11,0,0,0,0,0,0,0,0,0,0,0,0,0,0,
0,0,0,0,0,0,9,10,10,10,10,10,10,10,10,10,10,10,10,10,10,20,12,12,12,12,12,12,20,11,16,0,24,24,0,24,0,24,0,0,5,0,0,9,11,22,0,0,34,30,10,10,10,10,10,10,10,10,10,10,11,0,0,0,0,0,0,0,0,0,0,0,0,0,0,
0,0,0,0,0,0,9,10,10,10,10,10,10,10,10,10,10,10,10,10,10,20,12,12,12,12,12,12,20,11,0,16,0,0,0,16,16,16,0,0,21,0,0,17,18,19,0,0,0,9,10,10,10,10,10,10,10,10,10,10,11,0,0,0,0,0,0,0,0,0,0,0,0,0,0,
0,0,0,0,0,0,9,10,10,10,10,10,10,10,10,10,10,10,10,10,10,20,20,20,20,20,20,20,20,11,0,0,0,0,0,16,0,0,16,16,16,0,0,0,0,0,0,5,0,9,10,10,10,10,10,10,10,10,10,10,11,0,0,0,0,0,0,0,0,0,0,0,0,0,0,
0,0,0,0,0,0,9,10,10,10,10,10,10,10,10,10,10,10,10,10,10,10,10,10,10,10,10,10,10,31,2,2,3,14,0,16,0,15,0,0,0,0,1,2,2,2,2,7,2,27,10,10,10,10,10,10,10,10,10,10,11,0,0,0,0,0,0,0,0,0,0,0,0,0,0,
0,0,0,0,0,0,9,10,10,10,10,10,10,10,10,10,10,10,10,10,10,10,10,10,10,10,10,10,10,10,10,10,31,3,22,22,22,22,22,22,22,1,27,10,10,10,10,10,10,10,10,10,10,10,10,0,0,0,0,0,0,0,0,0,0,0,0,0,0,0,0,0,0,0,0,
0,0,0,0,0,0,9,10,10,10,10,10,10,10,10,10,10,10,10,10,10,10,10,10,10,10,10,10,10,10,10,10,10,31,2,2,2,2,2,2,2,27,10,10,10,10,10,10,10,10,10,10,10,10,10,0,0,0,0,0,0,0,0,0,0,0,0,0,0,0,0,0,0,0,0,
0,0,0,0,0,0,0,0,0,0,0,0,0,0,0,0,0,0,0,0,0,0,0,0,0,0,0,0,0,0,0,0,0,0,0,0,0,0,0,0,0,0,0,0,0,0,0,0,0,0,0,0,0,0,0,0,0,0,0,0,0,0,0,0,0,0,0,0,0,0,0,0,0,0,0,
0,0,0,0,0,0,0,0,0,0,0,0,0,0,0,0,0,0,0,0,0,0,0,0,0,0,0,0,0,0,0,0,0,0,0,0,0,0,0,0,0,0,0,0,0,0,0,0,0,0,0,0,0,0,0,0,0,0,0,0,0,0,0,0,0,0,0,0,0,0,0,0,0,0,0,
0,0,0,0,0,0,0,0,0,0,0,0,0,0,0,0,0,0,0,0,0,0,0,0,0,0,0,0,0,0,0,0,0,0,0,0,0,0,0,0,0,0,0,0,0,0,0,0,0,0,0,0,0,0,0,0,0,0,0,0,0,0,0,0,0,0,0,0,0,0,0,0,0,0,0,
0,0,0,0,0,0,0,0,0,0,0,0,0,0,0,0,0,0,0,0,0,0,0,0,0,0,0,0,0,0,0,0,0,0,0,0,0,0,0,0,0,0,0,0,0,0,0,0,0,0,0,0,0,0,0,0,0,0,0,0,0,0,0,0,0,0,0,0,0,0,0,0,0,0,0,
0,0,0,0,0,0,0,0,0,0,0,0,0,0,0,0,0,0,0,0,0,0,0,0,0,0,0,0,0,0,0,0,0,0,0,0,0,0,0,0,0,0,0,0,0,0,0,0,0,0,0,0,0,0,0,0,0,0,0,0,0,0,0,0,0,0,0,0,0,0,0,0,0,0,0

[ObjectsLayer]
# Blob
type=Blob
location=43,32,0,0

[ObjectsLayer]
# Skeleton
type=Skeleton
location=44,36,0,0

[ObjectsLayer]
# Bat
type=Bat
location=34,37,0,0

[ObjectsLayer]
# Spider
type=Spider
location=32,36,0,0

[ObjectsLayer]
# Spider
type=Spider
location=39,38,0,0

[ObjectsLayer]
# Bat
type=Bat
location=44,30,0,0

[ObjectsLayer]
# Bat
type=Bat
location=41,31,0,0

[ObjectsLayer]
# Blob
type=Blob
location=22,34,0,0

[ObjectsLayer]
# Blob
type=Blob
location=23,35,0,0

[ObjectsLayer]
# Blob
type=Blob
location=24,34,0,0

[ObjectsLayer]
# Blob
type=Blob
location=25,35,0,0

[ObjectsLayer]
# Blob
type=Blob
location=26,34,0,0

[ObjectsLayer]
# Blob
type=Blob
location=26,35,0,0

[ObjectsLayer]
# Blob
type=Blob
location=23,33,0,0

[ObjectsLayer]
# Bat
type=Bat
location=29,29,0,0

[ObjectsLayer]
# Bat
type=Bat
location=27,26,0,0

[ObjectsLayer]
# Bat
type=Bat
location=31,26,0,0

[ObjectsLayer]
# Bat
type=Bat
location=35,26,0,0

[ObjectsLayer]
# Bat
type=Bat
location=29,27,0,0

[ObjectsLayer]
# Bat
type=Bat
location=33,27,0,0

[ObjectsLayer]
# Bat
type=Bat
location=37,27,0,0

[ObjectsLayer]
# Bat
type=Bat
location=26,29,0,0

[ObjectsLayer]
# Bat
type=Bat
location=37,29,0,0

[ObjectsLayer]
# Bat
type=Bat
location=33,29,0,0

[ObjectsLayer]
# Blob
type=Blob
location=42,27,0,0

[ObjectsLayer]
# Blob
type=Blob
location=44,27,0,0

[ObjectsLayer]
# Blob
type=Blob
location=46,27,0,0

[ObjectsLayer]
# Blob
type=Blob
location=48,27,0,0

[ObjectsLayer]
# Bat
type=Bat
location=26,27,0,0

[ObjectsLayer]
# Blob
type=Blob
location=50,27,0,0

[ObjectsLayer]
# Blob
type=Blob
location=47,27,0,0

[ObjectsLayer]
# Blob
type=Blob
location=49,27,0,0

[ObjectsLayer]
# King
type=Player
location=36,38,1,1

